a_name,forward_fw_inputsize,forward_fw_mean_time,forward_fw_stdvar_time,forward_op_after_byte_memory,forward_op_before_byte_memory,forward_op_used_byte_memory
strided_slice-19,296,22.124701736629095,0.0,383651840,383291392,360448
strided_slice-39,296,21.805725287574194,0.0,383795200,383778816,16384
split-48,336,37.86348512871697,0.0,385478656,385458176,20480
split-55,0,8573.378869870567,0.0,386064384,386064384,0
split-66,0,29.516402778593086,0.0,386064384,386064384,0
split-83,0,8556.176701128456,0.0,386068480,386068480,0
split-201,0,8869.45488192025,0.0,386068480,386068480,0
split-212,0,32.630690504828934,0.0,386080768,386072576,8192
split-229,0,8782.122506632251,0.0,386080768,386080768,0
split-18,64,23.81105251198344,0.0,386084864,386080768,4096
split-38,64,23.98743776687397,0.0,386084864,386084864,0
squeeze-46,64,6.409524252780017,0.0,386093056,386093056,0
squeeze-108,64,6.379783800061709,0.0,386093056,386093056,0
squeeze-132,64,6.382570979207006,0.0,386093056,386093056,0
squeeze-156,64,6.353237947206615,0.0,386097152,386097152,0
squeeze-180,64,6.367539883525474,0.0,386101248,386101248,0
squeeze-53,64,6.357144123073585,0.0,386105344,386105344,0
split-64,64,28.652983875310166,0.0,386297856,386297856,0
squeeze-81,64,6.405009812240859,0.0,386301952,386301952,0
squeeze-199,64,6.3983236159586925,0.0,386306048,386306048,0
split-210,64,28.78117330011311,0.0,386306048,386306048,0
squeeze-227,64,6.37973229727372,0.0,386306048,386306048,0
squeeze-16,64,6.3382255927042035,0.0,386310144,386306048,4096
squeeze-36,64,6.524989624573774,0.0,386314240,386310144,4096
split-52,64,8676.617668881028,0.0,386379776,386379776,0
squeeze-62,64,6.331060652614491,0.0,386379776,386379776,0
squeeze-90,64,6.361236039557013,0.0,386383872,386379776,4096
split-80,64,8640.702470035096,0.0,386396160,386387968,8192
split-198,64,8621.954680258119,0.0,386482176,386482176,0
squeeze-208,64,6.393683797867572,0.0,386486272,386486272,0
squeeze-236,64,6.394762145691787,0.0,386486272,386486272,0
split-226,64,8576.616927841724,0.0,386490368,386486272,4096
tuple-50,192,6.936717944032048,0.0,386490368,386490368,0
split-61,64,7921.591755815097,0.0,386502656,386494464,8192
split-89,64,10252.59295468653,0.0,386510848,386510848,0
tuple-78,192,6.932356262793313,0.0,386510848,386510848,0
tuple-196,192,6.950430924238872,0.0,386510848,386510848,0
split-207,64,7953.353178708829,0.0,386519040,386510848,8192
split-235,64,7982.125809961315,0.0,386523136,386523136,0
tuple-224,192,6.94246013694232,0.0,386523136,386523136,0
concatenate-49,192,12865.953015527362,0.0,386596864,386588672,8192
tuple-59,192,6.939510331002582,0.0,386596864,386596864,0
tuple-87,192,6.941460651531291,0.0,386596864,386596864,0
concatenate-77,192,13804.730705339485,0.0,386600960,386596864,4096
concatenate-195,192,8757.555117737918,0.0,386600960,386600960,0
tuple-205,192,6.923744612879615,0.0,386600960,386600960,0
tuple-233,192,6.932663709926172,0.0,386600960,386600960,0
concatenate-223,192,8765.598511953773,0.0,386609152,386605056,4096
nn.dense-45,128,8692.681908657423,0.0,405803008,404590592,1212416
nn.dense-107,128,8660.836249415921,0.0,405807104,405807104,0
nn.dense-131,128,17209.92392499869,0.0,405807104,405807104,0
nn.dense-155,128,8677.40680717704,0.0,405807104,405807104,0
nn.dense-179,128,8712.44015277945,0.0,405807104,405807104,0
concatenate-58,192,8590.976235265307,0.0,405807104,405807104,0
concatenate-86,192,8567.789038019358,0.0,405807104,405807104,0
nn.dense-76,128,8933.251140582051,0.0,405807104,405807104,0
concatenate-204,192,8581.036146686645,0.0,405811200,405807104,4096
concatenate-232,192,8566.230130406104,0.0,405811200,405811200,0
nn.dense-222,128,8965.955820460644,0.0,405811200,405811200,0
add-44,128,31.144521312514485,0.0,405815296,405815296,0
add-106,128,31.89039822342596,0.0,405815296,405815296,0
add-130,128,31.088961448360852,0.0,405815296,405815296,0
add-154,128,31.084379094234503,0.0,405815296,405815296,0
add-178,128,31.64969903470973,0.0,405815296,405815296,0
add-75,128,33.29714408423725,0.0,405819392,405819392,0
add-221,128,32.46660978530973,0.0,405819392,405819392,0
split-43,64,29.50606929528343,0.0,405819392,405819392,0
split-105,64,29.512579890820085,0.0,405819392,405819392,0
split-129,64,29.482328432695958,0.0,405819392,405819392,0
split-153,64,34.85993506580622,0.0,405819392,405819392,0
split-177,64,30.676894580681644,0.0,401571840,401571840,0
split-74,64,30.609458388089962,0.0,401575936,401571840,4096
split-220,64,30.659537569862145,0.0,401575936,401575936,0
add-71,128,29.30020111302185,0.0,401580032,401575936,4096
add-96,128,26.658204183802855,0.0,401584128,401580032,4096
sigmoid-70,64,102.89531901000225,0.0,401649664,401649664,0
sigmoid-95,64,99.95495157982452,0.0,401649664,401649664,0
multiply-69,128,26.596235868467215,0.0,401653760,401649664,4096
add-41,128,26.649723696252593,0.0,401657856,401653760,4096
tanh-40,64,201.51528930848534,0.0,401657856,401657856,0
subtract-35,128,26.69555054303063,0.0,401661952,401657856,4096
multiply-34,128,24.900262757317783,0.0,401661952,401661952,0
add-33,128,24.961294919541384,0.0,401661952,401661952,0
nn.dense-117,128,8848.455050196422,0.0,401670144,401661952,8192
add-116,128,33.26667329217728,0.0,401670144,401670144,0
split-115,64,29.71336944903831,0.0,401670144,401670144,0
add-112,128,24.97142340977783,0.0,401670144,401670144,0
add-120,128,25.94562477308744,0.0,401674240,401674240,0
sigmoid-111,64,98.82716399978689,0.0,401674240,401674240,0
sigmoid-119,64,98.68025612645538,0.0,401678336,401674240,4096
multiply-110,128,24.965034004748667,0.0,401682432,401682432,0
add-103,128,28.632487032257835,0.0,401682432,401682432,0
tanh-102,64,200.40376853939372,0.0,401682432,401682432,0
subtract-101,128,25.247034152638342,0.0,401682432,401682432,0
multiply-100,128,24.96014542709923,0.0,401682432,401682432,0
add-99,128,24.951880579035397,0.0,401682432,401682432,0
nn.dense-141,128,8803.146415191231,0.0,401682432,401682432,0
add-140,128,31.079747015745998,0.0,401682432,401682432,0
split-139,64,29.555231729570888,0.0,401682432,401682432,0
add-136,128,24.87339345377205,0.0,401682432,401682432,0
add-144,128,28.673829820028253,0.0,401682432,401682432,0
sigmoid-135,64,98.63366356795323,0.0,401682432,401682432,0
sigmoid-143,64,98.64953525934743,0.0,401686528,401682432,4096
multiply-134,128,29.66132783144398,0.0,401686528,401686528,0
add-127,128,24.964439492482242,0.0,401686528,401686528,0
tanh-126,64,200.1504458749661,0.0,401686528,401686528,0
subtract-125,128,24.889720549767503,0.0,401690624,401686528,4096
multiply-124,128,24.8731437629636,0.0,401690624,401690624,0
add-123,128,25.10811359299759,0.0,401690624,401690624,0
nn.dense-165,128,8833.181235890166,0.0,401690624,401690624,0
add-164,128,33.16765553252635,0.0,401690624,401690624,0
split-163,64,31.052834961974174,0.0,401694720,401694720,0
add-160,128,28.800361841818297,0.0,401698816,401698816,0
add-168,128,26.58310970590075,0.0,401698816,401698816,0
sigmoid-159,64,100.86472411775348,0.0,401698816,401698816,0
sigmoid-167,64,102.0302564309761,0.0,401702912,401698816,4096
multiply-158,128,26.769220688361905,0.0,401707008,401702912,4096
add-151,128,26.75147303608805,0.0,401707008,401707008,0
tanh-150,64,210.40925013618136,0.0,401711104,401707008,4096
subtract-149,128,33.95942273662999,0.0,401715200,401715200,0
multiply-148,128,27.44205201558433,0.0,401715200,401715200,0
add-147,128,26.595265398696732,0.0,401719296,401719296,0
nn.dense-189,128,8821.539694288567,0.0,401719296,401719296,0
add-188,128,32.65382393233917,0.0,401719296,401719296,0
split-187,64,30.597305219898086,0.0,401719296,401719296,0
add-184,128,26.59389839754948,0.0,401719296,401719296,0
add-192,128,26.581086451557606,0.0,401727488,401727488,0
sigmoid-183,64,100.97199940687976,0.0,401731584,401731584,0
sigmoid-191,64,102.03922512763907,0.0,401731584,401731584,0
multiply-182,128,27.73270915527789,0.0,401735680,401735680,0
add-175,128,26.6345195947576,0.0,401735680,401735680,0
tanh-174,64,201.73952457364632,0.0,401739776,401739776,0
subtract-173,128,26.65447812583304,0.0,401743872,401739776,4096
multiply-172,128,26.7833768934846,0.0,401743872,401743872,0
add-171,128,26.970430875171203,0.0,401747968,401743872,4096
tuple-32,320,8.490870372643817,0.0,401752064,401752064,0
expand_dims-343,64,6.385668602598348,0.0,401756160,401756160,0
stack-31,320,7759.001195719325,0.0,401760256,401760256,0
expand_dims-30,64,6.365579252114147,0.0,401760256,401760256,0
squeeze-29,64,6.368381779414588,0.0,401760256,401760256,0
split-28,64,46.09830511568542,0.0,401780736,401764352,16384
squeeze-26,64,6.635873242757778,0.0,401780736,401780736,0
squeeze-254,64,6.370815144689855,0.0,401780736,401780736,0
squeeze-278,64,6.385260351433728,0.0,401780736,401780736,0
squeeze-302,64,6.363541667176638,0.0,401780736,401780736,0
squeeze-326,64,6.3576505107765495,0.0,401780736,401780736,0
nn.dense-25,128,8687.333739246129,0.0,401788928,401784832,4096
nn.dense-253,128,8720.087816894891,0.0,401797120,401797120,0
nn.dense-277,128,8720.54340633801,0.0,401801216,401801216,0
nn.dense-301,128,8719.840387318443,0.0,401805312,401805312,0
nn.dense-325,128,8717.106153356215,0.0,401805312,401805312,0
add-24,128,32.73084708496138,0.0,401817600,401817600,0
add-252,128,34.88046447330135,0.0,401817600,401817600,0
add-276,128,33.405811303634266,0.0,401817600,401817600,0
add-300,128,32.6418836903372,0.0,401821696,401817600,4096
add-324,128,32.64220833239798,0.0,401821696,401821696,0
split-23,64,30.268778472423936,0.0,401821696,401821696,0
split-251,64,31.182622726788818,0.0,401829888,401829888,0
split-275,64,30.63637585859585,0.0,401833984,401829888,4096
split-299,64,32.72224551875312,0.0,401838080,401833984,4096
split-323,64,30.731307628680316,0.0,401838080,401838080,0
add-217,128,26.59497028255479,0.0,401838080,401838080,0
add-242,128,32.34794726176091,0.0,401838080,401838080,0
sigmoid-216,64,101.0697107409669,0.0,401838080,401838080,0
sigmoid-241,64,99.98418787482952,0.0,401838080,401838080,0
multiply-215,128,26.710492752409476,0.0,401838080,401838080,0
add-21,128,26.581481220528463,0.0,401838080,401838080,0
tanh-20,64,202.50611832254242,0.0,401838080,401838080,0
subtract-15,128,26.587189359072212,0.0,401838080,401838080,0
multiply-14,128,26.747432917820156,0.0,401838080,401838080,0
add-13,128,42.39979337417538,0.0,401838080,401838080,0
nn.dense-263,128,8726.167298505501,0.0,401870848,401870848,0
add-262,128,32.938515162049825,0.0,401870848,401870848,0
split-261,64,30.59511149468365,0.0,401870848,401870848,0
add-258,128,27.062631932218274,0.0,401870848,401870848,0
add-266,128,26.579824990810387,0.0,401870848,401870848,0
sigmoid-257,64,99.96488896857298,0.0,401870848,401870848,0
sigmoid-265,64,100.11848022167116,0.0,401870848,401870848,0
multiply-256,128,28.52830341451459,0.0,401870848,401870848,0
add-249,128,26.591154333161132,0.0,401870848,401870848,0
tanh-248,64,200.15718577556098,0.0,401870848,401870848,0
subtract-247,128,26.603131136830417,0.0,401870848,401870848,0
multiply-246,128,26.59337957117171,0.0,401870848,401870848,0
add-245,128,28.841316444434398,0.0,401870848,401870848,0
nn.dense-287,128,8695.53739692769,0.0,401870848,401870848,0
add-286,128,35.61014985670437,0.0,401874944,401870848,4096
split-285,64,30.390671271780214,0.0,401874944,401874944,0
add-282,128,27.2326026638368,0.0,401879040,401874944,4096
add-290,128,28.870762303974757,0.0,401879040,401879040,0
sigmoid-281,64,103.07135988577868,0.0,401883136,401879040,4096
sigmoid-289,64,101.90790088149264,0.0,401883136,401883136,0
multiply-280,128,26.5979088629856,0.0,401883136,401883136,0
add-273,128,26.631792829932383,0.0,401887232,401883136,4096
tanh-272,64,203.00171425309046,0.0,401891328,401887232,4096
subtract-271,128,26.64560509166394,0.0,401891328,401891328,0
multiply-270,128,27.77838561618625,0.0,401891328,401891328,0
add-269,128,26.586106785476105,0.0,401891328,401891328,0
nn.dense-311,128,14773.863751730503,0.0,401911808,401911808,0
add-310,128,33.974386553355544,0.0,401924096,401920000,4096
split-309,64,31.245109691290043,0.0,401924096,401924096,0
add-306,128,29.116829374169722,0.0,401924096,401924096,0
add-314,128,31.717592521071392,0.0,401924096,401924096,0
sigmoid-305,64,118.16634739337312,0.0,401924096,401924096,0
sigmoid-313,64,118.62771773228728,0.0,401924096,401924096,0
multiply-304,128,33.23429936986014,0.0,401924096,401924096,0
add-297,128,31.554059595148168,0.0,401924096,401924096,0
tanh-296,64,240.8967463216312,0.0,401924096,401924096,0
subtract-295,128,33.7529500856299,0.0,401924096,401924096,0
multiply-294,128,33.57753458247307,0.0,401924096,401924096,0
add-293,128,32.534775431803844,0.0,401924096,401924096,0
nn.dense-335,128,19197.076117767112,0.0,401924096,401924096,0
add-334,128,36.96945183865645,0.0,401924096,401924096,0
split-333,64,34.891823765500725,0.0,401924096,401924096,0
add-330,128,29.406333773027434,0.0,401924096,401924096,0
add-338,128,29.471605297472056,0.0,401924096,401924096,0
sigmoid-329,64,121.16228558235898,0.0,401924096,401924096,0
sigmoid-337,64,125.23254644919058,0.0,401924096,401924096,0
multiply-328,128,34.136100547892106,0.0,401924096,401924096,0
add-321,128,29.894937767891108,0.0,401924096,401924096,0
tanh-320,64,238.99782135846993,0.0,401932288,401924096,8192
subtract-319,128,34.357291949669104,0.0,401932288,401932288,0
multiply-318,128,29.72934429583582,0.0,401932288,401932288,0
add-317,128,24.901186398441414,0.0,401932288,401932288,0
tuple-12,320,8.482622381942292,0.0,401936384,401936384,0
expand_dims-344,64,6.385055326575357,0.0,401944576,401940480,4096
stack-11,320,7775.837882782396,0.0,401944576,401944576,0
tuple-342,128,6.128921623048325,0.0,401944576,401944576,0
expand_dims-10,64,6.383343859509518,0.0,401944576,401944576,0
concatenate-341,128,7717.237055155197,0.0,401944576,401944576,0
squeeze-9,64,6.336290880050015,0.0,401944576,401944576,0
tuple-8,128,6.13904972476532,0.0,401944576,401944576,0
