a_name,forward_fw_inputsize,forward_fw_mean_time,forward_fw_stdvar_time,forward_op_after_byte_memory,forward_op_before_byte_memory,forward_op_used_byte_memory
split-41,3328,7505.066677266421,0.0,1177313280,1176780800,532480
strided_slice-45,768,7130.634085035077,0.0,1177608192,1177604096,4096
split-54,0,7596.173984334008,0.0,1177616384,1177612288,4096
split-64,0,7551.101577957809,0.0,1177616384,1177616384,0
split-76,0,30.416690525733976,0.0,1177616384,1177616384,0
strided_slice-97,768,7056.626862418594,0.0,1177616384,1177616384,0
strided_slice-198,768,7062.987401707956,0.0,1177616384,1177616384,0
split-207,0,7403.986319160555,0.0,1177616384,1177616384,0
split-217,0,7412.003974175248,0.0,1177616384,1177616384,0
split-229,0,32.5331898971691,0.0,1177616384,1177616384,0
strided_slice-250,768,7882.569185213186,0.0,1177616384,1177616384,0
squeeze-39,64,7.090943900831035,0.0,1177616384,1177616384,0
squeeze-112,64,7.1212059593224675,0.0,1177620480,1177616384,4096
squeeze-135,64,7.092871677165978,0.0,1177653248,1177620480,32768
squeeze-158,64,7.096369142465909,0.0,1177657344,1177653248,4096
squeeze-181,64,7.005776871806184,0.0,1177661440,1177661440,0
split-44,64,7927.24630247341,0.0,1177665536,1177665536,0
squeeze-52,64,6.99730042168948,0.0,1177665536,1177665536,0
squeeze-62,64,7.023434807382603,0.0,1177673728,1177669632,4096
split-74,64,35.85962957287808,0.0,1177677824,1177673728,4096
split-96,64,7874.604174865795,0.0,1177681920,1177677824,4096
split-197,64,7868.45397647059,0.0,1177681920,1177681920,0
squeeze-205,64,6.94188900761882,0.0,1177681920,1177681920,0
squeeze-215,64,7.10785689932995,0.0,1177690112,1177681920,8192
split-227,64,36.355363016517586,0.0,1177694208,1177690112,4096
split-249,64,7865.4589077662295,0.0,1177698304,1177698304,0
squeeze-42,64,7.024199003902621,0.0,1177702400,1177702400,0
split-51,64,9374.415933345816,0.0,1177702400,1177702400,0
split-61,64,8907.432761000386,0.0,1177718784,1177714688,4096
squeeze-72,64,7.155084828162297,0.0,1177853952,1177853952,0
squeeze-84,64,7.088833108037654,0.0,1177853952,1177853952,0
squeeze-94,64,7.119260432347703,0.0,1177858048,1177853952,4096
squeeze-195,64,7.24533006428788,0.0,1177862144,1177858048,4096
split-204,64,8941.876870296592,0.0,1177882624,1177874432,8192
split-214,64,9039.75128316345,0.0,1177907200,1177890816,16384
squeeze-225,64,7.0213190104254295,0.0,1177919488,1177919488,0
squeeze-237,64,6.810997080127703,0.0,1177923584,1177923584,0
squeeze-247,64,6.828546706421795,0.0,1177923584,1177923584,0
tuple-38,128,5.3413257404354235,0.0,1177923584,1177923584,0
tuple-49,256,6.959718747916383,0.0,1177923584,1177923584,0
tuple-59,256,7.122949412738204,0.0,1177923584,1177923584,0
split-71,64,7626.596193439173,0.0,1177944064,1177939968,4096
split-83,64,7636.747316400197,0.0,1177948160,1177948160,0
tuple-202,256,7.1120380023107534,0.0,1177948160,1177948160,0
tuple-212,256,7.205459708771354,0.0,1177948160,1177948160,0
split-224,64,7630.030981198143,0.0,1177956352,1177952256,4096
split-236,64,7632.4424490414485,0.0,1177964544,1177960448,4096
concatenate-37,128,7884.729513489678,0.0,1177968640,1177968640,0
concatenate-48,256,8120.131537990379,0.0,1178804224,1178796032,8192
concatenate-58,256,7881.875922356559,0.0,1178906624,1178906624,0
tuple-69,256,7.044026605963859,0.0,1178910720,1178910720,0
tuple-81,256,7.184251035669442,0.0,1178910720,1178910720,0
concatenate-201,256,7915.290488472307,0.0,1178918912,1178914816,4096
concatenate-211,256,7874.614051503987,0.0,1178918912,1178918912,0
tuple-222,256,7.087235640711466,0.0,1178918912,1178918912,0
tuple-234,256,7.168209765730276,0.0,1178918912,1178918912,0
tuple-47,128,5.320107553370916,0.0,1178918912,1178918912,0
tuple-115,128,5.2862103790689385,0.0,1178918912,1178918912,0
tuple-138,128,5.3798456784709385,0.0,1178918912,1178918912,0
tuple-161,128,5.3751075567058315,0.0,1178918912,1178918912,0
tuple-184,128,5.3587377646592556,0.0,1178918912,1178918912,0
concatenate-68,256,7907.066087753365,0.0,1178939392,1178931200,8192
concatenate-80,256,7913.1153468948705,0.0,1178939392,1178939392,0
tuple-200,128,5.255738673340186,0.0,1178939392,1178939392,0
tuple-268,128,5.287197246704554,0.0,1178939392,1178939392,0
tuple-291,128,5.367502925930336,0.0,1178939392,1178939392,0
tuple-314,128,5.497049817639339,0.0,1178939392,1178939392,0
tuple-337,128,5.290752960339727,0.0,1178939392,1178939392,0
concatenate-221,256,7889.765258353326,0.0,1178963968,1178959872,4096
concatenate-233,256,7892.734635285208,0.0,1178968064,1178963968,4096
concatenate-46,128,8213.964353151734,0.0,1178972160,1178968064,4096
concatenate-114,128,8193.054168064324,0.0,1178976256,1178972160,4096
concatenate-137,128,8141.60846543659,0.0,1178976256,1178976256,0
concatenate-160,128,8157.123520036427,0.0,1178976256,1178976256,0
concatenate-183,128,8128.267149068073,0.0,1178976256,1178976256,0
concatenate-199,128,7843.861631372551,0.0,1178976256,1178976256,0
concatenate-267,128,7841.322513798781,0.0,1178976256,1178976256,0
concatenate-290,128,7866.763748702952,0.0,1178976256,1178976256,0
concatenate-313,128,7838.809976822894,0.0,1178976256,1178976256,0
concatenate-336,128,7904.458333991065,0.0,1178976256,1178976256,0
nn.dense-36,128,11290.956003443787,0.0,1179406336,1179394048,12288
add-35,128,6922.748990778906,0.0,1179471872,1179471872,0
add-34,128,6881.455392150118,0.0,1179488256,1179488256,0
split-33,64,7331.1475785132225,0.0,1179488256,1179488256,0
sigmoid-31,64,7011.102385254282,0.0,1179488256,1179488256,0
sigmoid-92,64,6993.457649859338,0.0,1179492352,1179492352,0
sigmoid-99,64,7015.389613485921,0.0,1179492352,1179492352,0
tanh-101,64,6972.359925196918,0.0,1179492352,1179492352,0
multiply-91,128,7011.494289922884,0.0,1179492352,1179492352,0
multiply-98,128,6984.045642687406,0.0,1179492352,1179492352,0
add-90,128,7003.865469730043,0.0,1179492352,1179492352,0
tanh-89,64,6980.640604394182,0.0,1179496448,1179496448,0
multiply-30,128,6993.885387018397,0.0,1179525120,1179525120,0
tuple-111,128,5.413678385276182,0.0,1179525120,1179525120,0
concatenate-110,128,7020.789789621319,0.0,1179529216,1179529216,0
nn.dense-109,128,11215.628114147665,0.0,1179529216,1179529216,0
add-108,128,6858.86947847902,0.0,1179529216,1179529216,0
add-107,128,6874.339277214933,0.0,1179529216,1179529216,0
split-106,64,7307.212345768485,0.0,1179529216,1179529216,0
sigmoid-104,64,7048.769184085727,0.0,1179529216,1179529216,0
sigmoid-119,64,7011.7607496764895,0.0,1179557888,1179557888,0
sigmoid-122,64,6994.995676087031,0.0,1179570176,1179557888,12288
tanh-124,64,6967.697014010751,0.0,1179570176,1179570176,0
multiply-118,128,6980.77488429153,0.0,1179570176,1179570176,0
multiply-121,128,7025.883622856504,0.0,1179578368,1179570176,8192
add-117,128,6988.6810334388565,0.0,1179578368,1179570176,8192
tanh-116,64,7005.235761451851,0.0,1179570176,1179570176,0
multiply-103,128,6970.206283834537,0.0,1179602944,1179570176,32768
tuple-134,128,5.238319422218927,0.0,1179570176,1179570176,0
concatenate-133,128,6991.6150184275175,0.0,1179607040,1179574272,32768
nn.dense-132,128,11384.934687180063,0.0,1179619328,1179615232,4096
add-131,128,6906.165122369258,0.0,1179619328,1179586560,32768
add-130,128,6927.709315289355,0.0,1179652096,1179635712,16384
split-129,64,7316.600642570281,0.0,1179684864,1179611136,73728
sigmoid-127,64,7045.048234648454,0.0,1179684864,1179684864,0
sigmoid-142,64,7043.2436755402005,0.0,1179684864,1179684864,0
sigmoid-145,64,7041.075922877557,0.0,1179684864,1179684864,0
tanh-147,64,6998.608459611859,0.0,1179688960,1179684864,4096
multiply-141,128,7024.797699214365,0.0,1179693056,1179684864,8192
multiply-144,128,7031.699326734051,0.0,1179713536,1179713536,0
add-140,128,7027.10443530848,0.0,1179717632,1179713536,4096
tanh-139,64,7018.909447330467,0.0,1179717632,1179717632,0
multiply-126,128,7040.850558013603,0.0,1179717632,1179717632,0
tuple-157,128,5.265503434413987,0.0,1179742208,1179729920,12288
concatenate-156,128,7046.731660265364,0.0,1179746304,1179746304,0
nn.dense-155,128,11357.894387275785,0.0,1179746304,1179746304,0
add-154,128,6935.325394525384,0.0,1179754496,1179754496,0
add-153,128,6941.792442352811,0.0,1179754496,1179754496,0
split-152,64,7350.492215318655,0.0,1179758592,1179758592,0
sigmoid-150,64,7052.78217657777,0.0,1179758592,1179758592,0
sigmoid-165,64,7039.649242594887,0.0,1179758592,1179758592,0
sigmoid-168,64,7048.007304557276,0.0,1179762688,1179762688,0
tanh-170,64,7002.945951982133,0.0,1179766784,1179766784,0
multiply-164,128,7031.191170064777,0.0,1179770880,1179766784,4096
multiply-167,128,7099.415486719441,0.0,1179770880,1179770880,0
add-163,128,7022.3007299270075,0.0,1179795456,1179795456,0
tanh-162,64,7020.955260049335,0.0,1179803648,1179803648,0
multiply-149,128,7017.546681508279,0.0,1179803648,1179803648,0
tuple-180,128,5.101432926919371,0.0,1179803648,1179803648,0
concatenate-179,128,7032.9703539552775,0.0,1179803648,1179803648,0
nn.dense-178,128,11250.476527457215,0.0,1179803648,1179803648,0
add-177,128,6987.645073546887,0.0,1179803648,1179803648,0
add-176,128,6917.2025237726675,0.0,1179807744,1179807744,0
split-175,64,7347.297122243174,0.0,1179811840,1179807744,4096
sigmoid-173,64,7059.438150268836,0.0,1179811840,1179811840,0
sigmoid-188,64,7073.22188149174,0.0,1179811840,1179811840,0
sigmoid-191,64,7044.573083365001,0.0,1179811840,1179811840,0
tanh-193,64,7075.780557480448,0.0,1179815936,1179811840,4096
multiply-187,128,7017.836471198462,0.0,1179815936,1179815936,0
multiply-190,128,7030.130133885822,0.0,1179820032,1179815936,4096
add-186,128,7070.344164715916,0.0,1179820032,1179820032,0
tanh-185,64,7000.279266572637,0.0,1179820032,1179820032,0
expand_dims-354,64,7.02688368485716,0.0,1179824128,1179824128,0
multiply-172,128,7022.514198640526,0.0,1179828224,1179828224,0
tuple-29,320,8.232424998751696,0.0,1179828224,1179828224,0
expand_dims-350,64,7.0279900524591445,0.0,1179832320,1179828224,4096
stack-28,320,7888.736378377321,0.0,1179832320,1179832320,0
expand_dims-27,64,6.84859243838025,0.0,1182089216,1180381184,1708032
squeeze-26,64,6.876329957534364,0.0,1178771456,1178771456,0
split-25,64,7330.049656835636,0.0,1179250688,1179250688,0
squeeze-23,64,6.738400827372714,0.0,1179262976,1179258880,4096
squeeze-265,64,6.909859524242935,0.0,1179262976,1179262976,0
squeeze-288,64,7.203182597425119,0.0,1179267072,1179267072,0
squeeze-311,64,6.946475059610998,0.0,1179267072,1179267072,0
squeeze-334,64,6.825576757612505,0.0,1179267072,1179267072,0
tuple-22,128,5.281379151104662,0.0,1179267072,1179267072,0
concatenate-21,128,7064.334284181094,0.0,1179275264,1179271168,4096
nn.dense-20,128,9803.570714100937,0.0,1179295744,1179279360,16384
add-19,128,7107.161085818832,0.0,1179308032,1179308032,0
add-18,128,7119.322841585988,0.0,1179308032,1179308032,0
split-17,64,7574.284540121084,0.0,1179312128,1179308032,4096
sigmoid-15,64,7241.380142568015,0.0,1179312128,1179312128,0
sigmoid-245,64,7232.355130083625,0.0,1179320320,1179312128,8192
sigmoid-252,64,7229.634704948164,0.0,1179320320,1179320320,0
tanh-254,64,7089.222275478866,0.0,1179320320,1179320320,0
multiply-244,128,7043.846800348735,0.0,1179324416,1179324416,0
multiply-251,128,7038.018409976346,0.0,1179324416,1179324416,0
add-243,128,7012.409937996074,0.0,1179328512,1179324416,4096
tanh-242,64,7050.489944533594,0.0,1179332608,1179332608,0
multiply-14,128,7026.804747826087,0.0,1179332608,1179332608,0
tuple-264,128,5.40896111429033,0.0,1179332608,1179332608,0
concatenate-263,128,7067.787887812484,0.0,1179332608,1179332608,0
nn.dense-262,128,9813.678684970218,0.0,1179332608,1179332608,0
add-261,128,6922.2945579713305,0.0,1179332608,1179332608,0
add-260,128,6941.5659399298665,0.0,1179332608,1179332608,0
split-259,64,7422.664739937093,0.0,1179332608,1179332608,0
sigmoid-257,64,7069.183442660032,0.0,1179332608,1179332608,0
sigmoid-272,64,7064.125280336262,0.0,1179332608,1179332608,0
sigmoid-275,64,7046.006408902034,0.0,1179332608,1179332608,0
tanh-277,64,6997.230779993004,0.0,1179332608,1179332608,0
multiply-271,128,7016.535309865622,0.0,1179332608,1179332608,0
multiply-274,128,7074.038171370769,0.0,1179332608,1179332608,0
add-270,128,7049.267180303394,0.0,1179332608,1179332608,0
tanh-269,64,7003.356620035515,0.0,1179332608,1179332608,0
multiply-256,128,7026.067154022086,0.0,1179332608,1179332608,0
tuple-287,128,5.340235125152593,0.0,1179332608,1179332608,0
concatenate-286,128,7051.105931574212,0.0,1179336704,1179332608,4096
nn.dense-285,128,9743.10247001796,0.0,1179336704,1179336704,0
add-284,128,6926.337182507389,0.0,1179340800,1179340800,0
add-283,128,6942.869799996561,0.0,1179340800,1179340800,0
split-282,64,7333.512982780162,0.0,1179340800,1179340800,0
sigmoid-280,64,7049.16334206745,0.0,1179340800,1179340800,0
sigmoid-295,64,7076.629129998729,0.0,1179340800,1179340800,0
sigmoid-298,64,7075.759901532209,0.0,1179340800,1179340800,0
tanh-300,64,7003.4947672351755,0.0,1179340800,1179340800,0
multiply-294,128,7013.991158254632,0.0,1179340800,1179340800,0
multiply-297,128,7032.769138823266,0.0,1179348992,1179348992,0
add-293,128,7011.4601176940305,0.0,1179348992,1179348992,0
tanh-292,64,7003.769524742774,0.0,1179348992,1179348992,0
multiply-279,128,7032.54811368492,0.0,1179357184,1179357184,0
tuple-310,128,5.2239119549345805,0.0,1179357184,1179357184,0
concatenate-309,128,7048.153590724898,0.0,1179357184,1179357184,0
nn.dense-308,128,9830.849533542369,0.0,1179365376,1179361280,4096
add-307,128,7108.018454765573,0.0,1179365376,1179365376,0
add-306,128,7086.00255348274,0.0,1179365376,1179365376,0
split-305,64,7361.58009059652,0.0,1179369472,1179365376,4096
sigmoid-303,64,7067.566899159001,0.0,1179369472,1179369472,0
sigmoid-318,64,7054.749739120626,0.0,1179373568,1179373568,0
sigmoid-321,64,7053.081255198276,0.0,1179373568,1179373568,0
tanh-323,64,7011.104857876224,0.0,1179373568,1179373568,0
multiply-317,128,7035.810383414295,0.0,1179373568,1179373568,0
multiply-320,128,7042.981218145467,0.0,1179373568,1179373568,0
add-316,128,7096.970831618241,0.0,1179373568,1179373568,0
tanh-315,64,7014.270865486326,0.0,1179373568,1179373568,0
multiply-302,128,7021.489774463493,0.0,1179373568,1179373568,0
tuple-333,128,5.232195073292936,0.0,1179373568,1179373568,0
concatenate-332,128,7048.177348019606,0.0,1179381760,1179373568,8192
nn.dense-331,128,10011.62387233794,0.0,1179381760,1179381760,0
add-330,128,6928.445551680229,0.0,1179381760,1179381760,0
add-329,128,6985.118809071285,0.0,1179381760,1179381760,0
split-328,64,7320.912206099396,0.0,1179381760,1179381760,0
sigmoid-326,64,7058.558845682654,0.0,1179381760,1179381760,0
sigmoid-341,64,7070.29997174343,0.0,1179381760,1179381760,0
sigmoid-344,64,7052.82680138447,0.0,1179381760,1179381760,0
tanh-346,64,7007.364573408401,0.0,1179381760,1179381760,0
multiply-340,128,7015.202420327977,0.0,1179381760,1179381760,0
multiply-343,128,7027.676184136132,0.0,1179385856,1179381760,4096
add-339,128,7043.383142841055,0.0,1179389952,1179385856,4096
tanh-338,64,6991.3394325112695,0.0,1179394048,1179389952,4096
expand_dims-355,64,7.1386599715253665,0.0,1179394048,1179394048,0
multiply-325,128,7047.511557368476,0.0,1179394048,1179394048,0
tuple-353,128,5.182233826823995,0.0,1179394048,1179394048,0
tuple-13,320,8.121116623790376,0.0,1179394048,1179394048,0
expand_dims-351,64,7.08682679440028,0.0,1179406336,1179402240,4096
concatenate-352,128,7280.580691590803,0.0,1179410432,1179410432,0
stack-12,320,7905.728384979032,0.0,1179410432,1179410432,0
tuple-349,128,5.323109881891731,0.0,1179410432,1179410432,0
expand_dims-11,64,6.929593919900113,0.0,1179127808,1182326784,0
concatenate-348,128,7268.663627435965,0.0,1178943488,1182253056,0
squeeze-10,64,6.715174375589295,0.0,1178943488,1178943488,0
tuple-9,192,6.281996596558768,0.0,1178943488,1178943488,0
